[Window][DockSpaceViewport_11111111]
Pos=0,0
Size=2752,1128
Collapsed=0

[Window][Node Editor]
Pos=-8,40
Size=684,583
Collapsed=0

[Window][Texture Preview]
Pos=2170,27
Size=533,927
Collapsed=0

[Window][Debug##Default]
Pos=6,13
Size=470,400
Collapsed=1

[Docking][Data]
DockSpace ID=0x8B93E3BD Window=0xA787BDB4 Pos=0,0 Size=2752,1128 CentralNode=1


[NoiseToolMeshNoisePreview][Settings]
tri_limit=85000000
frequency=0.001000
iso_surface=0.000000
heightmap_multiplier=100.000000
seed=1325
color=16777215
mesh_type=0
enabled=1

[NoiseToolNoiseTexture][Settings]
frequency=0.091000
seed=1249
gen_type=1
export_size=4096:4096

[NoiseToolNodeGraph][Settings]
grid_offset=4198.615723:184.039551
frequency=0.020000
seed=1337
gen_type=2

[NoiseToolNodeData][Node:22]
variable=1
node=0
id=38
grid_pos=-3671.220703:-632.079834

[NoiseToolNodeData][Node:9]
id=2
grid_pos=-5342.615723:-249.039551

[NoiseToolNodeData][Node:13]
variable=4
variable=1075838976
node=2
hybrid=0:0.650000
hybrid=0:0.500000
id=3
grid_pos=-5062.615723:-249.039551

[NoiseToolNodeData][Node:19]
variable=1059648963
node=3
id=4
grid_pos=-4782.615723:-249.039551

[NoiseToolNodeData][Node:4]
variable=0
variable=1077936128
variable=0
variable=0
variable=0
variable=0
variable=0
variable=0
id=5
grid_pos=-4782.615723:130.960449

[NoiseToolNodeData][Node:25]
node=4
hybrid=5:0.000000
id=6
grid_pos=-4502.615723:-59.039551

[NoiseToolNodeData][Node:16]
variable=1073741824
node=6
hybrid=0:0.200000
id=7
grid_pos=-4222.615723:-59.039551

[NoiseToolNodeData][Node:17]
variable=2
variable=1075838976
node=7
hybrid=0:0.700000
hybrid=0:0.500000
id=8
grid_pos=-3942.615723:-59.039551
